0: 
1: 
2: 
3: 
4: 
5: 
6: 
7: 
8: 
9: 
10: 
11: 
12: 
13: 
14: 
15: 
16: 21,17,22
17: 18,22,16
18: 17,22,19
19: 18,22,20
20: 19,22,21
21: 16,22,20
22: 17,18,19,20,16,21
23: 28,29,24,97
24: 25,96,23,29,97
25: 24,26,96,29
26: 25,27,29
27: 28,29,26,468
28: 23,27,29,468
29: 23,27,28,26,24,25
30: 31,36,35
31: 30,32,36
32: 31,36,33
33: 34,32,36
34: 33,36,35
35: 30,36,34
36: 30,31,32,35,33,34
37: 
38: 
39: 40,45,44
40: 39,45,41
41: 42,40,45
42: 43,45,41
43: 44,42,45
44: 43,39,45
45: 39,40,43,44,42,41
46: 51,52,47
47: 48,46,52
48: 47,52,49
49: 48,50,52
50: 51,52,49
51: 46,50,52
52: 46,50,51,47,48,49
53: 54,59,58
54: 53,59,55
55: 56,54,59
56: 55,59,57
57: 56,59,58
58: 53,59,57
59: 53,54,55,56,57,58
60: 
61: 
62: 
63: 
64: 69,70,65
65: 70,66,64
66: 67,70,65
67: 66,68,70
68: 69,70,67
69: 68,70,64
70: 68,69,66,67,64,65
71: 72,77,76
72: 71,73,77
73: 72,77,74
74: 75,73,77
75: 74,76,77
76: 71,77,75
77: 71,72,73,76,74,75
78: 
79: 
80: 85,81,86
81: 82,86,8,80
82: 81,86,83
83: 84,82,86
84: 83,85,86
85: 80,86,84
86: 81,82,80,85,83,84
87: 92,93,88
88: 89,93,87
89: 90,93,88
90: 89,91,93
91: 90,93,92
92: 91,93,87
93: 89,90,91,92,87,88
94: 95,100,99
95: 94,96,100
96: 95,100,24,25,97
97: 98,24,96,100,23
98: 97,100,99
99: 94,100,98
100: 94,95,96,99,97,98
101: 
102: 103,108,107
103: 102,104,108
104: 103,108,105
105: 104,108,106
106: 107,108,105
107: 106,102,108
108: 102,103,104,106,107,105
109: 
110: 
111: 
112: 113,118,117
113: 112,118,114
114: 115,113,118
115: 114,116,118
116: 115,117,118
117: 116,112,118
118: 112,113,116,114,115,117
119: 125,120,124
120: 121,125,119
121: 122,125,120
122: 121,125,123
123: 124,122,125
124: 123,125,119
125: 121,122,120,123,124,119
126: 
127: 128,133,132
128: 127,133,129
129: 130,128,133
130: 129,131,133
131: 132,130,133
132: 131,127,133
133: 127,128,130,129,131,132
134: 
135: 
136: 
137: 
138: 143,144,139
139: 140,138,144
140: 139,144,141
141: 140,142,144
142: 143,144,141
143: 138,142,144
144: 138,142,143,139,140,141
145: 150,151,146
146: 145,147,151
147: 148,151,146
148: 147,151,149
149: 150,148,151
150: 145,149,151
151: 147,148,149,145,150,146
152: 
153: 
154: 
155: 160,161,156
156: 157,155,161
157: 158,156,161
158: 157,159,161
159: 160,161,158
160: 155,159,161
161: 155,159,160,156,157,158
162: 163,168,167
163: 162,168,164
164: 165,163,168
165: 164,166,168
166: 167,165,168
167: 166,162,168
168: 162,163,165,164,166,167
169: 
170: 171,175,176
171: 170,176,172
172: 171,176,173
173: 172,174,176
174: 175,176,173
175: 170,174,176
176: 170,171,174,175,172,173
177: 182,183,178
178: 183,179,177
179: 180,183,178
180: 181,183,179
181: 180,183,182
182: 177,181,183
183: 180,181,179,177,182,178
184: 185,190,189
185: 186,184,190
186: 185,187,190
187: 188,190,186
188: 187,190,189
189: 184,188,190
190: 187,188,185,186,184,189
191: 196,197,192
192: 191,197,193
193: 194,197,192
194: 195,197,193
195: 194,196,197
196: 195,197,191
197: 194,195,196,191,192,193
198: 204,199,203
199: 200,204,198
200: 201,204,199
201: 200,204,202
202: 203,201,204
203: 202,204,198
204: 200,201,199,202,203,198
205: 
206: 211,212,207
207: 208,206,212
208: 207,209,212
209: 210,212,208
210: 209,212,8,211
211: 206,210,212
212: 209,210,206,211,207,208
213: 214,219,218
214: 213,215,219
215: 216,219,214
216: 215,219,217
217: 218,216,219
218: 217,219,213
219: 215,216,213,214,217,218
220: 225,226,221
221: 222,220,226
222: 221,226,223
223: 222,226,224
224: 225,226,223
225: 220,226,224
226: 220,225,221,222,223,224
227: 228,233,232
228: 227,229,233
229: 228,233,230
230: 231,229,233
231: 232,230,233
232: 231,227,233
233: 227,228,229,230,231,232
234: 
235: 236,241,240
236: 235,237,241
237: 236,241,238
238: 239,237,241
239: 238,240,241
240: 239,235,241
241: 235,236,237,239,238,240
242: 247,243,248
243: 244,248,242
244: 243,248,245
245: 246,244,248
246: 245,247,248
247: 242,246,248
248: 243,244,246,245,242,247
249: 254,255,250
250: 251,249,255
251: 250,255,252
252: 253,255,251
253: 254,255,252
254: 249,253,255
255: 249,253,254,250,251,252
256: 261,257,262
257: 258,262,256
258: 257,259,262
259: 258,262,260
260: 261,259,262
261: 256,260,262
262: 257,258,259,260,256,261
263: 264,269,268
264: 263,265,269
265: 264,269,266
266: 267,265,269
267: 266,268,269
268: 267,263,269
269: 263,264,265,266,267,268
270: 271,275,276
271: 270,276,272
272: 271,276,273
273: 274,276,272
274: 273,275,276
275: 276,270,274
276: 275,270,271,272,273,274
277: 278,282,283
278: 279,277,283
279: 278,280,283
280: 281,283,279
281: 280,282,283
282: 281,283,277
283: 280,281,282,277,278,279
284: 
285: 
286: 287,292,291
287: 286,292,288
288: 289,287,292
289: 288,290,292
290: 289,292,291
291: 286,292,290
292: 286,287,291,288,289,290
293: 
294: 
295: 
296: 301,297,302
297: 298,296,302
298: 297,299,302
299: 300,302,298
300: 299,302,301
301: 296,300,302
302: 299,300,296,301,297,298
303: 
304: 309,310,305,450
305: 306,310,304,450
306: 307,310,305
307: 306,310,308
308: 307,310,309
309: 304,310,308
310: 306,307,305,308,304,309
311: 
312: 
313: 318,314,319
314: 315,319,313
315: 314,316,319
316: 315,319,317
317: 318,316,319
318: 317,319,313
319: 314,315,316,317,318,313
320: 
321: 
322: 327
323: 
324: 325,330,329
325: 324,326,330
326: 327,330,325
327: 322,326,328,330
328: 327,330,329
329: 328,330,324
330: 326,327,328,329,324,325
331: 336,337,332
332: 331,337,333
333: 334,337,332
334: 333,337,335
335: 336,337,334
336: 331,337,335
337: 331,336,335,332,333,334
338: 
339: 344,345,340
340: 341,339,345
341: 342,340,345
342: 341,345,343
343: 342,344,345
344: 339,345,343
345: 339,344,340,341,342,343
346: 347,352,351
347: 346,348,352
348: 347,352,349
349: 350,348,352
350: 349,351,352
351: 350,346,352
352: 346,347,348,349,350,351
353: 
354: 355,359,360
355: 354,360,356
356: 355,357,360
357: 358,360,356
358: 357,359,360
359: 358,360,354
360: 357,358,359,354,355,356
361: 366,367,362
362: 363,361,367
363: 364,367,362
364: 363,365,367
365: 364,366,367
366: 361,367,365
367: 361,366,365,363,364,362
368: 373,374,369
369: 374,370,368
370: 371,374,369
371: 370,372,374
372: 374,371,373
373: 368,372,374
374: 372,370,371,368,373,369
375: 380,381,376
376: 375,381,377
377: 381,378,376
378: 379,381,377
379: 378,380,381
380: 375,381,379
381: 375,380,378,379,376,377
382: 383,387,388
383: 382,384,388
384: 385,388,383
385: 384,388,386
386: 387,385,388
387: 382,388,386
388: 384,385,382,383,387,386
389: 390,395,394
390: 389,391,395
391: 429,395,390
392: 429,395,393
393: 394,395,392
394: 393,389,395
395: 391,429,390,389,393,394,392
396: 
397: 
398: 
399: 
400: 405,406,401
401: 400,406,402
402: 401,406,403
403: 404,406,402
404: 403,405,406
405: 400,406,404
406: 400,405,401,402,403,404
407: 412,408,413
408: 413,407,409
409: 410,408,413
410: 409,411,413
411: 412,413,410
412: 407,411,413
413: 408,407,412,411,409,410
414: 419,420,415
415: 416,414,420
416: 415,417,420
417: 416,418,420
418: 417,419,420
419: 414,420,418
420: 414,419,417,415,416,418
421: 
422: 423,427,428
423: 422,428,424
424: 425,428,423
425: 424,426,428
426: 427,428,425
427: 426,428,422
428: 426,427,424,425,422,423
429: 391,395,392
430: 
431: 436,437,432
432: 433,431,437
433: 434,432,437
434: 433,437,435
435: 434,436,437
436: 431,437,435
437: 431,436,432,433,434,435
438: 
439: 
440: 
441: 
442: 
443: 
444: 
445: 
446: 
447: 
448: 
449: 
450: 305,304
451: 
452: 
453: 
454: 
455: 
456: 
457: 
458: 
459: 
460: 
461: 
462: 
463: 
464: 
465: 9
466: 
467: 
468: 27,28
469: 
470: 
471: 479
472: 
473: 
474: 
475: 
476: 
477: 
478: 
479: 471
480: 
481: 5
482: 
483: 
484: 
485: 
486: 
487: 5
488: 